1000
2492
4208
3303
-326
4357
-1928
3772
-3873
-4693
-3206
769
4519
3377
4351
1482
1230
-2245
3834
4416
-4310
3632
2338
2949
-1323
-4097
1470
213
331
3017
3884
-2168
1712
-276
-4161
2452
-4961
3615
-4893
3231
-4725
25
1773
-3902
-1852
-2147
-4877
4152
1129
-2304
-1339
2790
-4828
-518
-633
-3882
4230
2122
-3971
-1477
1327
-796
3394
2937
-2678
-3498
1156
-3492
2083
4841
-161
4454
3894
-4493
2340
503
-4091
-4823
-2010
-316
3558
-2783
-3534
-662
-2137
1493
-4808
4668
2975
-1020
-1094
1577
1826
-3902
-3969
2665
-4688
4288
-4907
2901
3242
2375
4401
1526
690
-1091
2100
1317
-3377
4810
-3188
2578
-3190
-4108
-3677
3057
-664
-3082
4393
-3986
-1181
-3697
3209
-623
2135
2711
-3494
-852
-1593
2364
4676
4658
441
-469
2781
3570
469
4731
-1409
-1424
2293
-4974
4552
-2827
2569
-2197
4798
-2643
4746
4015
-1539
4958
-1272
-3200
-2386
1272
-845
-4555
-3211
-3720
-1342
-1185
-4809
-890
1332
-725
-3386
3167
2689
-1232
-1141
3677
1643
3656
-2193
-1375
4102
2747
2374
-605
-3247
22
-3880
1664
2977
795
3357
2083
3065
-1550
-1659
1678
2327
4829
4033
4119
-3570
-2230
4481
960
-4709
-1855
-4725
-754
-4394
-835
4821
-3397
-1369
4632
-3521
2423
-3550
-2370
1584
-2326
-2191
-2988
763
356
-291
4417
3197
4869
4313
3338
3014
2952
-2789
-4532
-3470
2314
3463
4786
-1965
-3223
-1655
4615
573
-121
287
3925
1294
2302
3329
-4804
-2713
-3491
3134
-4050
1339
-1056
-4220
791
1283
1855
1387
-1719
1883
1533
767
3782
-2931
976
2601
-2329
-200
4656
4697
-999
4540
-1896
-991
1895
-4091
-3782
3537
2626
98
2463
-3734
1070
-1407
4188
4849
4534
360
2384
-1373
2672
-526
-502
4479
2938
3429
1015
1877
-3356
3356
3961
1385
-2873
934
3667
-909
1731
2922
1792
-4458
4774
1876
-4396
3419
-4728
3473
1882
-839
-1212
3971
1725
-2653
1057
-2159
-1662
4415
1775
-1666
-4926
1054
-1220
1429
1814
2765
3222
-3794
2491
2839
3083
4559
-1483
3140
-4084
3634
1439
883
2480
4879
-3680
4031
-3804
118
-1223
-3759
-2047
363
-3941
1986
2358
3006
4422
-3158
3476
-3195
-4659
-470
4713
4441
3973
-1646
-3677
-3590
2283
3040
-154
-4192
4101
-2393
4521
3983
4480
3416
2363
2662
-1303
-1393
675
4724
680
-2020
-4395
4711
4375
-84
-848
962
-3168
995
2708
-2694
2692
-2983
1169
-4962
360
4382
250
-2463
-535
4763
3112
2550
-4128
2679
4092
-3962
1857
1842
3676
2576
-4211
3089
-3681
462
3400
-281
3396
1119
-4267
-1539
-3845
4599
-3571
494
-3225
-320
-546
-3391
-3317
2186
2048
4819
786
-1162
-1533
-2064
4107
-965
1908
-1570
1745
4883
4814
4742
3816
-3898
4893
3328
3
-1375
-1682
-421
-4589
-2414
-1213
2054
-2038
-1358
-1997
-35
1646
-1905
3469
1251
2328
-4379
412
4488
-2964
-3383
-2650
4727
-4349
-3214
3007
-2145
-2747
2484
-3845
1404
3106
4826
2433
1777
1375
1055
4347
-2604
1278
3433
1417
-2825
-2139
1107
-1659
590
-239
-3274
289
3586
2692
-3917
1389
305
313
2735
-1164
4591
312
2444
-3482
909
-4379
4624
2497
-4940
-4205
1811
1256
2494
2470
4890
1558
-3070
4886
2331
-1797
-2310
1471
2045
-2011
-766
-3034
1278
-1062
1439
3510
80
-430
4266
-2105
-2431
-2863
1144
3712
2917
-3134
-1673
4436
-4942
4591
3655
1096
-1208
-2596
2898
-2316
-565
-3596
-198
3000
3774
-4228
2381
-1738
2206
4499
2455
3597
1160
-3733
-1131
2982
360
-879
-623
1111
-4785
183
-465
-3995
-3840
1491
-813
-1578
-2745
-4639
-3444
1828
2358
2916
-719
-2482
2062
4537
-1209
600
2566
-3508
4860
2243
-2373
-4332
-589
3736
-171
-2215
4380
2157
1953
-4874
-2257
2058
4064
-919
3285
-3883
2187
-4648
-4589
-1223
-3919
-2738
516
3365
943
1218
-4750
-447
-1893
1384
1505
-3844
2205
-2159
728
2544
-4805
654
4029
-2601
-3969
2914
1579
2663
1863
-1371
3282
-4599
-1832
-4396
3292
615
640
-250
-744
-2365
-4425
-502
-4188
260
3969
1580
-389
-2517
2675
-2922
-183
-2811
-1569
-3693
-137
-199
2430
-1377
536
-2367
-4632
2490
-4401
4277
1171
-3125
-1270
-2430
-3690
-255
-4913
4106
3273
837
3537
165
1771
3227
-369
-2202
3423
1383
-3735
296
-4156
493
-1456
1623
-1920
-143
-2727
-3781
3416
1884
-2370
-994
2927
4416
2
2159
4280
-461
4558
-881
-1319
-4009
636
-1703
-1474
1178
2031
2511
2743
4137
-2835
-3665
-1360
-1505
-677
-3500
4891
-1668
-1837
3321
-2053
-1727
228
2584
-4273
4919
3670
-111
1546
4447
3929
-2922
1803
-1276
-2359
4803
-4706
4124
2752
-2069
-4066
1774
3992
-2163
-1387
3006
-3477
1254
-2511
2116
4841
4975
405
-2550
-4699
-4297
-4423
-4332
1549
1996
-3297
2025
-3100
4019
2868
-2688
-3619
-4857
1182
3110
1046
-3826
-3144
811
-2257
1862
-4217
1085
-2779
191
4120
-3683
1296
-4110
1561
1837
-715
4719
1312
-390
2232
149
-3556
343
-3309
-1895
4646
-4593
3051
-870
867
220
-1307
-4709
-2007
-1819
-4907
3935
-725
961
286
1843
-1261
-293
-1685
-91
-1524
-1938
-840
2099
-759
-3713
-2722
478
3764
2538
265
-3698
-3929
-3771
376
4622
-4431
-3823
-4623
903
4501
-850
-2722
331
949
4398
-2216
1848
-4809
1810
766
4285
1361
3808
-2142
-2472
-1658
-2266
192
-2179
3229
-376
1500
-2028
-2918
710
-953
1481
1195
-2951
-1987
-473
1233
-3332
2831
-4866
3353
-2857
-4824
2848
3526
2150
1294
-3124
2045
776
-3194
-2158
-4419
1187
-876
102
-1928
4981
-2562
-1697
995
598
2844
4767
3590
121
831
-2132
-2608
2881
-4261
2941
298
1168
-1662
-1343
-522
907
-450
2696
580
3257
4346
4917
1648
3114
3309
4811
3292
3444
-283
3253
-4602
4825
-740
-1806
5
2261
-2358
-1715
-3947
195
2870
1738
2701
-1234
4778
-915
3113
-2731
3378
549
2505
2008
-2624
3205
4245
2751
3216
1986
-245
-3318
1091
3368
3399
1651
-4310
-4104
2270
3936
-4319
2220
-2458
-2668
469
3324
-1067
1013
4515
