8565
6752
1037
1293
2778
2147
5128
7060
944
7554
4012
3367
6650
3745
324
4680
1745
5363
3874
5135
5874
548
3144
492
3630
2148
7632
192
1822
510
416
4897
4973
4534
7402
5014
2279
7225
4830
3789
2275
6636
1555
2624
4483
5822
4166
2782
7878
6557
5699
946
1454
3891
4388
188
3007
493
4949
3191
3799
7521
5508
4692
4168
7040
1061
4140
3678
4116
7521
5188
7669
4130
4869
1848
3790
7348
2844
6785
762
7850
5822
699
6105
4315
3636
6003
3274
6885
3526
7374
3369
3562
745
493
2675
4212
4544
7913
7461
1007
5811
6328
7286
3686
1430
372
5271
6832
6351
6549
2776
2591
1848
7231
3880
2521
6023
211
2126
3551
2860
7613
1210
4132
4188
3273
2783
2443
4818
2811
7425
7229
6209
4776
4174
2135
2617
40
2518
1280
3830
171
5089
7312
6070
2784
1427
7895
665
3727
2605
4722
2437
1447
5303
7572
7783
17
5133
4600
5503
5175
7869
6609
6032
7491
512
6441
2878
5187
3020
52
6336
4545
5183
893
4996
7231
94
664
6219
4286
4498
6149
6170
1074
6353
6919
6306
6717
1299
5397
1121
5200
7884
7322
3612
40
6158
6712
3088
7171
3370
1257
623
2825
6042
31
980
5882
7524
6551
4683
1088
4763
5342
594
2206
2263
1375
660
767
4722
3628
1190
1887
69
4481
5334
3322
2445
3975
7552
2210
6650
4235
6461
3636
1280
172
5217
5140
1005
2745
7897
6443
2222
6496
3945
3968
7169
5121
7969
7772
3615
4184
5944
7280
457
923
7293
5434
5699
5000
5949
336
1459
1953
3838
4344
95
721
7362
7900
4052
1231
4451
911
6081
4967
4719
6601
3960
3035
6043
2593
3186
1070
5740
2424
4132
3399
7100
2046
7179
6227
6735
946
235
6348
3894
454
6674
2344
3636
3453
6892
5407
6809
946
1370
6883
5514
3824
649
1857
4174
7104
112
1481
7521
6799
4909
3210
2413
4291
56
7341
7966
1114
6456
3701
6412
803
2653
7158
6919
1873
6234
2807
2315
5706
66
1309
4296
5903
1250
4842
7725
7724
492
343
2116
7406
7735
5589
4578
7521
3284
246
2210
2045
6957
2617
5040
3987
5572
2936
656
2116
7906
3716
2171
2336
1105
2730
6354
4664
3104
1320
5745
7943
6752
7291
5266
3266
2665
451
7461
2166
2774
7735
715
6161
4776
6470
7707
3919
2113
5151
4687
2874
5198
6528
1007
3410
5157
4687
2582
2446
3578
7780
2606
7341
7857
199
5727
793
2408
2188
6034
3530
7684
3425
7029
6121
1041
355
6370
4394
4434
5098
5121
5908
2709
383
3007
7918
5796
7800
6107
3193
4090
20
1491
3716
6930
1680
3639
1037
7325
6913
7224
5140
1136
1117
1813
4633
6328
3697
2950
6992
6158
1850
6773
3319
2766
5167
5975
6936
2042
5421
6680
6134
4263
1026
5581
6932
2051
5852
588
4667
5004
5382
2148
7524
7531
6812
6274
5637
7745
1314
6800
986
1293
5543
1912
4229
6245
4135
6981
5974
4315
386
3425
2048
4819
1813
5740
3043
1699
6336
941
5970
5706
3119
6863
4211
1523
149
7506
2148
2063
5535
3369
1813
6081
343
5726
699
7962
6754
6950
4753
4662
6031
5382
6597
6043
5929
5271
7179
3326
6829
3399
642
4152
5249
69
3931
7073
7452
2725
7770
5495
5795
3869
986
3416
834
5711
6583
2284
6468
1292
3198
715
3569
181
4743
5783
6118
4389
4528
1950
660
211
6111
4820
3792
4240
3125
1084
4072
6705
6574
1238
6581
108
6584
4813
3862
3695
5172
7515
2600
7626
1967
1233
6049
1848
3567
3326
5100
3627
7521
7040
5000
7040
6173
4168
7255
5219
6768
6775
4907
556
7551
1776
3458
6913
5855
6463
3498
644
2739
2637
2866
6674
2451
3752
1060
3690
7426
320
1588
1517
5140
6090
871
2980
3820
458
4043
953
339
42
5384
1838
7471
952
4829
6735
6003
1155
2318
21
122
4653
5174
3124
1511
3674
5585
4968
1511
3790
6987
7654
4745
6363
6881
3126
667
3171
3322
4687
1210
73
2077
2722
492
6913
3077
1088
5199
2346
835
5904
555
5164
3455
5818
1841
1680
7970
3567
416
2885
5417
463
3857
232
2675
4914
5824
501
782
1290
3253
5793
5908
1532
7057
1043
6389
358
2782
7232
928
5373
4340
2760
7034
2645
3195
4188
1960
3849
2436
5048
3394
521
6923
1034
6519
5769
1268
4397
21
6614
2602
4385
1310
2126
5811
7326
5726
5162
6799
1745
6892
7559
5128
7034
3393
7225
5687
3210
3020
3268
2844
319
5810
1852
3945
4534
6431
3269
6636
3321
1214
3321
6809
7579
4281
2335
7120
7918
2211
1782
7722
3606
4315
2722
642
4235
7628
5360
1128
2809
1070
3627
6739
569
1800
7073
1617
4003
5699
1708
6739
4184
6226
5829
7682
336
4276
3781
4684
7969
5144
7654
3542
3891
659
4424
827
5853
321
3774
5891
3095
2928
3694
1716
5998
7404
4388
242
7993
2980
7810
4645
1459
1434
2573
5387
1812
3694
3636
7847
6650
1010
7913
1660
6098
150
3695
6887
872
1177
5094
2795
3453
3043
7903
904
1022
7555
7961
7035
204
1758
5164
433
1430
6646
4002
7154
2229
5834
3301
5188
3104
3274
427
788
1944
1300
3319
656
5908
2143
171
3498
4407
7246
4688
6588
3482
6985
4528
6049
3680
3394
2668
31
4560
2346
931
1813
1838
5576
5225
468
3649
5856
7195
1708
6041
4352
5225
5975
4816
6842
69
3838
7076
3871
621
2486
5936
6389
2562
5811
122
5711
2103
2938
2188
7854
6463
4298
1889
49
1752
6935
4072
7925
4560
5655
1061
5856
2134
1310
7379
1313
2521
2042
4036
1558
7524
762
6374
6614
2844
4036
3416
2073
148
5559
6309
3308
3993
964
1185
6829
6992
578
5688
6374
6545
2279
4185
1547
5589
4337
2600
6785
4653
4907
840
3326
2606
4637
3402
7780
2002
4743
4872
2964
3166
1300
6550
3578
3253
7267
7661
7786
3797
3820
2053
4578
200
688
339
6609
3798
2373
7796
7326
449
5563
7344
1005
76
7689
3569
3095
5767
4538
5598
3127
3920
7501
2135
972
5425
2501
2460
4819
946
7980
3779
2336
2874
5815
200
7153
6225
4776
2106
5858
5206
7195
2076
6184
6544
582
4840
3789
6879
3505
220
320
7854
3927
1752
101
3707
5543
3273
3393
1454
3112
6105
4714
4389
6881
5038
588
4687
7920
4608
6264
5342
2645
4856
4899
7888
5726
3790
548
904
6201
3800
7761
7552
1177
3701
3959
6405
3103
3164
2844
7556
4949
6601
2807
5240
4993
911
486
1367
3900
2036
4752
1967
4816
1664
49
44
2389
3191
1314
5266
2217
6321
2481
4391
1953
6192
1518
7408
5938
20
661
352
6150
5110
4651
7232
5357
647
5973
6519
1375
1146
6775
1687
1633
7376
1650
1310
7840
7780
5397
5040
4088
7528
1511
2702
6919
7406
6313
6364
6630
2598
458
1189
4388
5032
2520
5138
1765
1777
7645
2143
5219
204
1493
6214
433
4212
934
6591
1274
7312
1813
4516
2044
2014
6041
2850
5789
3514
2782
4411
6076
5367
3210
4776
6362
5535
7524
5565
4744
7348
649
665
6362
4240
313
1848
7153
7169
172
7380
282
5174
2627
4112
7761
7501
7425
217
3043
2279
3514
6274
504
4743
4973
1088
4264
1299
6948
7458
7925
6265
5128
6157
7375
7306
2460
1279
2648
667
4083
7374
5895
148
7491
7895
1933
3416
2876
2549
3593
4274
4542
313
3596
3955
5121
1237
3795
6031
5335
5713
1627
1371
578
1254
2897
3540
7515
213
4798
4275
1547
6556
2284
108
3799
1370
5929
5007
4313
3369
2805
2134
7938
3528
3678
4993
7897
46
2217
1845
2637
1724
2136
1758
4344
20
1005
6389
7556
4763
5032
3559
6948
94
4151
986
2417
2848
4983
5606
1037
232
6713
3578
3140
2135
3247
2722
4498
5793
907
3301
1501
2585
4455
4450
7969
1724
6679
4281
2783
7888
1372
4904
6688
6023
5389
1185
6081
217
5647
895
2396
2926
3280
2340
2866
7749
4318
4590
838
2246
6498
3692
192
2279
1776
4816
3880
3253
6469
7682
1691
2362
366
1583
3020
5426
5628
1282
2189
2665
2573
3166
1822
3088
581
6832
5606
3386
1815
5001
6713
4480
2675
6773
3927
6785
4090
1370
1578
7148
3370
7396
7245
7245
3000
1856
3496
3758
1633
5866
2451
5057
2591
3425
972
7174
838
2585
972
7109
2753
7618
2753
6496
7034
6550
2427
4751
4683
5384
7352
1547
3382
4907
6727
1388
2499
1543
6774
3636
2784
6498
4489
696
4481
660
1525
4498
2738
6362
4322
1967
1672
5138
2416
1265
2160
778
2672
1613
2072
4643
110
3612
1427
66
1320
449
1567
2416
5328
1517
2178
4652
3109
1660
3942
6975
5824
4522
786
4313
4281
2344
6459
683
1731
3369
246
1243
1375
4645
6374
2440
506
6496
4877
6188
3722
4235
3318
1041
5780
1061
2897
492
7245
6625
5095
6226
7100
4887
4902
2915
4906
7374
3035
5299
7169
1370
6907
2217
1074
1600
21
5780
2990
4112
6308
1005
6829
6751
5116
7206
6544
6935
696
2879
3043
1495
6863
7869
6398
510
7618
6461
1924
4263
1145
6303
982
355
6166
3496
2076
7195
2501
5507
2595
5863
7158
2448
6963
2448
7081
3471
6903
1622
3528
2325
3540
4012
4185
5465
4683
6308
5944
4956
220
4174
5035
3164
6042
449
2724
6591
7112
914
5878
3874
3454
743
2424
3454
4760
5608
3125
7331
2931
5133
1084
6107
6892
6468
3036
1848
1509
4827
6436
5249
4168
7225
1263
4751
6111
4166
5162
1455
2077
2408
6932
5952
7716
7586
835
4067
501
2950
1223
7169
5187
3975
307
3936
6812
3749
7126
4899
3942
3393
6435
4391
6329
2637
3694
7555
664
1869
451
4127
7215
5335
2264
3209
6303
1105
4887
4544
3694
5038
7573
3578
2526
200
5367
4741
5493
402
5360
7749
5863
4558
5811
5454
7735
5666
1889
7376
5855
4752
224
7331
3857
6879
4247
4910
4511
5116
3132
3489
1014
5688
953
1800
2137
3857
2111
748
853
7716
69
5157
7100
150
1130
6157
148
5602
2786
1861
327
2928
6662
3781
5110
3548
7348
762
6751
2178
3871
5773
3656
594
7579
6751
4127
6626
381
7696
4743
1815
5130
1650
2858
5095
7551
425
2440
2063
6646
3605
767
438
6041
7516
3880
2874
1447
2196
4025
3567
5219
1173
3758
1687
2728
2222
3195
588
6436
2486
4843
767
4489
5263
5454
4818
5473
7772
1312
1661
5767
2808
5358
7452
6750
31
7042
3409
4281
2807
1637
5104
3927
4590
4969
5094
1781
5187
696
4381
6679
621
7333
1434
7035
415
1010
5198
4374
6544
7854
3694
6150
5239
7035
1105
6435
6308
2941
3599
5170
2745
5852
5878
4272
268
6321
4598
7966
1254
355
4741
4719
6461
3694
6589
6991
4116
6662
2317
521
7651
7039
831
2606
2231
3195
1070
5802
7453
6108
2675
6673
6520
5000
3674
5007
1567
7971
2653
688
823
1190
5979
2486
1822
5853
944
2607
4155
4275
7083
7854
1848
7612
867
2021
5565
5877
2593
2929
2939
6832
875
7672
5384
4472
3696
4810
521
7049
6234
1238
95
7884
3630
1894
6713
5739
1724
2695
6733
2591
4534
7264
438
944
1096
6936
4524
3166
3088
5430
3964
7622
2728
4151
372
3125
1221
1299
3284
2761
7236
3605
2336
3367
1889
1848
4664
4224
6625
1600
4687
5407
2106
664
4318
6705
3843
6392
1798
3830
5970
7195
3611
3126
1661
2587
1467
600
6274
4856
5232
4012
7406
6985
6713
2120
6863
1019
3198
4595
7971
6348
7180
4578
6464
7133
6418
5596
3273
606
4914
2246
5869
3656
3054
5206
2750
1451
7817
1719
3500
7206
3273
4466
1136
7722
4252
4996
7159
4533
2440
4270
3091
6431
1237
3402
112
5219
1372
4040
4840
1163
1873
4770
1771
4036
3534
4578
3522
3394
954
6593
5426
2300
2709
3977
1451
51
3745
3919
6358
1843
3992
819
1758
2724
4736
5077
1950
2548
5446
4322
2504
3639
6881
1617
4152
1061
1137
6713
7103
4683
5133
1026
7007
285
7282
1117
4235
5198
5057
7622
2329
7783
432
7159
1661
4474
4532
7840
7299
659
3198
625
6498
3867
6812
2518
1838
745
1953
5465
6028
5853
2136
4643
6581
427
6653
1014
2692
6456
3394
3920
141
1724
3326
6051
803
5000
6550
4322
1617
1617
5014
309
7299
3494
7613
7943
264
6593
7245
6374
5430
4615
556
1845
4017
6935
6778
4212
106
3332
6566
6392
2126
7847
3603
6070
438
6545
3243
1659
4231
1514
3959
569
7293
3273
1543
5891
893
3955
1370
6810
1912
3416
2229
3611
2605
2423
2860
3522
3715
5187
1279
3226
1617
1752
2885
204
2907
2688
2433
4012
6544
6957
2662
1638
4286
3301
6246
3849
5531
7878
1873
2286
1953
6903
2061
1430
900
7521
4130
6866
3251
4645
3790
6761
6933
4544
3318
3166
6264
555
3266
2897
1237
3109
4558
5745
7282
2325
5804
786
2984
2907
1257
1600
793
7179
544
5769
6212
69
435
4088
4483
2264
7213
5535
4996
3798
6540
3458
7972
3678
302
2626
1037
4869
3902
1067
3243
4822
83
6717
104
7109
7727
1167
4651
3949
3658
722
5225
2440
5357
7174
5581
2679
4346
5325
7920
2126
7461
1637
3323
7501
2980
7085
610
4164
5493
3992
3773
5402
7286
1000
7553
2373
1781
3035
4680
1173
1672
2808
6522
1085
1852
2289
4474
6245
7224
3880
3686
1508
1639
3186
7515
4275
4286
2504
1766
1353
5598
112
5727
1061
6699
3874
5841
4819
2389
4760
3799
1070
6413
4455
7144
4318
1680
2543
2722
7906
4967
1629
3562
1547
4388
5408
5906
2432
2725
1758
5745
7159
888
425
4996
7800
7169
5043
6364
7783
2275
4315
2386
6975
2964
867
3386
7042
3891
5263
6461
6662
211
7661
6363
6669
2522
4090
3857
7994
4678
7358
2437
44
4887
5908
350
7057
6885
5360
2990
683
1022
5532
4077
4719
6963
3284
4229
1518
2473
7745
6420
3567
6751
6418
4472
7375
7748
5572
3678
5537
1145
3781
745
2198
1195
7610
5531
5183
2679
492
3316
6640
5271
2372
5834
4692
2363
4651
1431
4643
4704
150
6170
1007
3007
5699
2126
6487
1622
7286
4956
1258
7748
5558
7378
4296
5140
4816
3603
5180
3370
6319
76
3699
1161
4877
6370
4455
923
3639
621
7180
2595
6364
6313
6662
3857
4560
6695
2963
5188
177
5874
4009
911
7948
5723
2926
6712
544
1963
4544
5187
3043
2897
2844
246
972
7653
3012
6041
7531
3047
224
1869
383
7014
6042
436
395
336
5407
2346
2725
1323
3987
831
4311
2036
1114
3629
6490
3987
4540
5131
4083
6761
2211
4017
2481
5780
7425
4652
594
4738
4709
166
4763
6134
2954
3323
1034
571
5367
4578
4904
4458
5773
7
1583
1627
2318
2679
1447
4856
916
1609
5343
2323
6593
3413
7169
3993
2562
7406
2231
4522
1454
6121
1290
4540
4743
7082
5869
3894
200
5815
1988
840
3035
199
6370
7182
3559
42
3866
3790
484
1261
2317
7060
782
6463
5170
555
2206
343
7158
3354
3551
1268
5780
5572
7073
3886
1777
6712
2189
5608
4829
5318
7890
45
2963
5531
5811
7612
3932
3430
106
7029
2808
7219
3826
5040
1170
1121
4869
1043
5007
6437
4288
492
6461
5175
5913
7727
1914
2688
4664
4957
3323
6673
5096
6070
748
7850
5318
3413
4510
7073
7446
3551
6319
395
3521
2808
2224
6227
309
4604
2945
5586
6405
1914
499
7823
4344
4281
848
2137
1558
3891
7869
7267
3209
3674
588
6149
3772
5407
4865
4388
4805
493
982
3277
5340
3334
1853
4511
6992
192
3614
7707
7215
4714
4481
177
5793
1367
2859
7906
2724
1354
1173
2275
5641
819
7722
7039
4865
4270
5602
5144
3977
664
3960
6111
122
3386
6436
7147
722
1432
4565
6848
4374
5487
5408
4424
4789
2546
1052
7518
1343
3371
1525
5633
3827
7840
1138
6625
7962
2189
1637
5903
3278
6107
5920
1953
1320
3578
3453
4002
5249
3247
1026
1231
1092
112
6650
4483
5581
4056
5677
556
7560
7014
2432
2103
7040
3354
4842
3022
1525
1043
3277
6673
2160
5948
2637
2494
3614
7696
3658
2044
5537
1508
6930
6554
106
5446
1070
1143
499
6810
3245
6628
4144
7105
2897
5402
1887
7103
6032
7936
5866
7535
6674
1254
487
3047
6864
2432
2071
1007
7632
4710
4458
5508
2591
7095
7546
4738
3505
2275
3307
2279
1583
4630
1699
5979
1456
3789
7065
531
7380
5677
7171
1509
4240
4909
1353
1072
2560
5906
2637
4224
5421
3454
3371
2413
159
2345
6858
6327
7847
7888
162
3759
3413
6462
7681
2375
2044
6226
2389
3394
7840
192
900
6923
7084
448
5598
4142
5581
3837
358
1114
4325
4272
3900
3752
4052
1197
7286
5443
51
7102
7938
2679
4635
7857
2546
1314
6707
3697
5363
7848
4810
1096
2778
7672
7672
871
3569
7065
415
1067
64
7961
2830
6723
2627
4883
7890
2494
1236
5363
5343
888
3716
5099
4612
2777
1456
1776
3103
3281
2930
6591
6590
4865
320
2286
4898
1223
4897
5948
5998
1531
7961
4840
5970
4714
3871
3268
242
4360
479
1491
2077
5681
6107
6655
1804
5299
3322
5343
4458
4002
7326
2345
6723
5954
1006
358
3268
6326
3369
972
1237
3273
4451
973
1371
5792
4764
2885
4469
2413
7696
7467
3455
4553
7786
4598
5655
5397
2126
1287
6752
3020
1347
7446
2460
7622
6134
2964
904
6591
583
6390
3869
1330
416
1432
3534
5157
2178
1038
5446
4996
2672
7725
7103
2103
346
1850
5459
4052
7452
324
2860
5792
4374
1370
5104
6981
2936
2427
6496
1754
6838
3799
3448
3251
696
7645
3959
2427
6674
4856
7471
3909
5576
6609
3827
6680
104
349
6591
2926
642
4524
7817
4247
1723
3807
5367
2483
3198
7632
6636
2672
3782
3955
7467
3454
4810
4652
2504
6264
7707
6697
4993
4558
7857
649
6363
6149
5606
1117
383
5239
7929
1850
970
578
7854
4188
6799
6118
2042
436
6778
4226
4025
4800
6362
3790
4215
7618
1238
7740
7106
5387
3871
6670
7725
1966
7112
6919
5323
6992
7206
5954
6963
4155
907
4538
438
4672
696
3104
6003
3171
1007
2859
3879
1804
4590
6117
3383
2520
5789
458
1800
1555
1800
6520
7122
7210
779
6003
5007
479
6538
3028
2373
2887
5402
438
6991
1243
7823
4226
3636
7559
7605
4883
261
3410
2323
2739
7724
2286
268
1357
6879
344
110
6699
6768
3920
6458
6626
6437
871
6303
3226
457
4067
3458
1650
3584
416
983
1163
5152
2372
45
2436
6719
6084
2631
5200
7312
7184
6476
5421
5382
4360
2136
7595
1375
7752
884
7159
7035
4273
1716
7553
1605
3802
6487
1934
7120
5266
1238
3542
4820
2672
1014
5681
2786
1427
5040
5473
6308
533
2141
1924
5936
7620
6780
848
2166
6538
3269
6441
106
5328
5681
7551
5095
6261
6601
1185
4898
2116
3020
4231
3611
3567
2473
4973
279
6588
7879
5883
6166
6108
4833
2945
3413
7402
1370
5998
6392
931
4907
4002
3629
4374
1189
7745
4872
600
5598
4063
7264
2610
2870
1490
4967
4534
1317
7029
4739
3208
1323
7920
6398
7057
1043
1048
5952
451
6829
2270
458
150
6362
3091
5332
6717
6680
5358
4833
923
7994
5677
1633
5382
108
3837
2206
7528
5878
3063
4822
6098
782
6170
6134
6510
7672
1214
4818
3482
1309
3489
2844
7362
4272
4635
952
1661
982
6161
1317
5040
3461
5165
4212
748
2688
5913
6775
1815
1007
3020
6673
819
521
4363
4286
4272
1295
1512
7748
6470
6809
5417
893
7862
2362
7229
4140
1343
3699
6068
5740
7683
5736
4399
4789
6084
848
4877
2743
4858
724
1312
5783
6105
5299
75
379
600
451
6389
2750
5004
2997
6081
7378
5974
2499
6627
5487
1467
2774
4125
6478
7491
6554
4573
4618
1922
5579
4573
3251
911
4827
4560
7280
5328
3824
5117
6903
1092
6037
2760
6674
6219
3838
5325
2171
5913
3927
6583
6540
5225
6418
458
266
2206
6061
6540
610
2546
4247
3284
505
4498
7504
6274
7172
6053
7772
6965
7341
1785
5303
3739
4558
7399
7476
3233
4687
4388
5850
2663
7343
5247
6919
4962
2901
4411
722
6591
5206
3657
642
5940
1197
3012
1822
3409
468
7267
6264
1754
26
5891
7938
493
2783
2526
719
5479
7628
2021
7407
2033
4263
7895
2206
353
319
872
6068
3881
5681
2760
7408
7504
3960
5905
5414
1912
4750
7643
779
3578
6662
2776
4374
2539
2104
1120
2928
4904
4910
2786
6457
1195
2668
1287
4741
4956
1495
1700
4590
6800
434
3569
2317
6353
3332
3800
4274
4710
7545
1517
4683
7333
49
2997
1084
1776
26
7899
4174
1716
2549
26
6736
4036
6166
6628
486
2885
5810
1531
5434
687
4589
721
6448
5895
4484
6554
2417
7231
381
5095
1719
3993
7396
2270
2858
3605
1718
6695
5298
2483
970
5753
4912
3599
6166
2743
7552
1765
6023
867
1114
2951
5077
5903
3494
6799
871
4800
7034
3209
3578
6405
7362
3317
1745
5587
2116
4151
4349
4015
5402
7057
7445
4540
4464
94
73
3274
4083
4808
5032
5590
7343
5358
3243
2014
6440
395
3067
5096
5473
7445
7380
135
2440
1317
5904
6390
7605
2019
4973
6254
6478
6584
7446
7195
5247
6210
681
235
2187
578
1633
2187
6538
3255
3998
2795
217
6566
7971
5739
1388
6739
6544
7133
6363
4344
2135
4002
667
907
3409
7007
4590
7821
349
834
5853
7682
5773
2997
985
3482
1231
2705
4132
7147
200
7453
5140
7591
1274
3413
4633
1121
7965
3998
73
7528
1558
5974
6992
2357
1343
5283
104
524
1508
6121
7135
5505
661
2501
1481
4251
5309
505
5357
4083
1014
7318
6214
5882
3772
6328
4063
6625
3528
505
1452
7343
7358
3749
1659
4276
1642
1815
2198
2053
2753
5608
17
3596
1143
5454
4404
7378
1185
7969
4251
6950
4947
6166
832
6822
4274
6923
3615
7169
4411
6487
6936
2373
2016
7783
2051
6364
353
7796
4712
3269
4451
5822
5949
4830
7326
2892
435
7425
2720
211
4598
6848
4688
6108
6627
6265
2972
687
1861
3322
416
1279
3696
7617
3790
4898
7458
3826
4217
982
696
7491
1873
1210
6321
2663
3103
7918
5637
7632
1067
3942
5446
2423
6626
1742
973
4484
2323
4017
5340
5802
4174
3605
5529
1531
5863
2892
449
2928
7174
7554
3900
1282
1014
6435
3382
3820
4818
7556
1313
649
2033
7343
6799
1456
5088
6593
4652
2702
355
5200
6184
6861
1493
6799
4002
7491
7379
7120
5637
5057
2876
6053
5641
40
2375
4040
5975
6695
1223
5834
3993
7126
3657
5866
1007
5417
1156
4544
2666
4166
2416
111
2044
2373
7770
2143
2188
5920
425
4484
911
4643
3193
6879
3251
4381
7029
181
4472
1320
7895
5691
6650
3280
1455
734
6468
4128
435
4956
3054
3323
6326
26
3317
3471
1664
2171
6679
3701
3630
7195
6588
2336
2392
7884
4394
4921
3919
510
1310
4856
7286
6679
7555
4072
6032
4126
5340
1295
2678
1857
7445
2879
4736
5666
5043
4751
5563
2624
6514
7358
1660
5810
1101
1037
1279
1214
3266
266
1292
7163
112
6363
6761
4288
7725
425
914
7154
2811
5426
1812
2688
427
6117
2870
4650
3278
6646
3758
3307
4889
1857
5608
647
2033
5043
647
2786
6443
7133
2166
1963
7238
521
4869
6412
458
7399
1151
6070
4251
5598
1713
533
7172
358
888
3498
7553
1357
6808
6519
3880
6679
7229
4404
7740
2171
2628
6351
5783
1531
4664
3960
7394
3942
1800
6626
5796
2289
853
4683
2685
7551
4315
2702
4130
83
3332
5001
1299
4270
6626
7821
302
2051
986
3054
5662
5883
1501
5299
3164
696
6461
3869
3369
7980
1924
3140
5529
5974
1019
659
6390
7232
3567
5477
2427
5367
7476
5975
4609
7626
7847
6750
779
4808
2206
7077
667
3596
2776
1067
6037
2166
7573
3936
3012
2279
2522
5898
3369
752
5004
4036
1211
7399
5493
6662
665
2705
1092
985
521
6338
2329
4822
667
6625
2990
4315
7396
1512
3758
1509
7507
3656
3127
1231
5342
1190
5096
5949
2275
973
1578
2743
5135
6750
4325
5104
2446
2598
4466
2019
1053
3688
2887
1680
2980
4311
2626
2724
6891
849
7504
49
3040
6723
2760
4664
1639
2521
5358
7820
448
6184
6348
7210
6679
2300
4533
848
3690
7358
7343
7970
5532
7689
2470
6210
3596
1060
1431
7374
4322
1367
3522
1555
4635
2424
2653
813
7291
7174
6034
3548
3998
1238
1387
6081
6068
2662
7835
945
4274
3838
7105
6538
7770
941
3773
5111
6636
1006
683
5905
3266
6712
1292
5088
4264
6733
3649
5133
5426
1922
1488
2014
722
6469
2724
7501
313
3894
3774
7810
5818
2992
4590
1451
578
1817
1117
5507
823
4690
4303
4973
2440
5479
4063
7888
1856
6157
2666
3820
7184
7689
5130
3321
2499
5337
7085
7458
6519
4635
2795
5810
1103
7355
588
1933
5421
3612
3919
3354
344
2774
7106
6590
871
7458
7552
4687
6842
6544
7379
644
1838
5753
2867
6245
6329
3824
4820
6264
1195
5089
1156
4144
4168
1299
1238
1101
7169
893
6420
1777
1452
1745
2440
4744
1434
4464
5421
1211
2760
1605
4652
4274
6068
7707
4887
1145
1845
743
7579
7148
6597
7817
7748
706
5858
3334
2766
4155
2442
6669
463
7545
7586
6695
7707
3704
135
7355
5094
5936
2709
1070
2323
159
7980
3454
3262
3045
2637
493
5334
6975
7848
1101
1237
6003
802
3987
5992
435
5850
1287
135
3127
5773
6538
6822
5380
1146
5174
555
5905
5514
625
6556
6161
5940
2856
1922
2626
6042
3498
402
1137
7147
482
2229
7831
2325
425
3369
848
6989
999
1754
5662
6653
831
4274
6932
3944
5771
3386
4352
7118
6457
4270
1103
3383
5713
1629
2392
4959
1292
1185
402
3007
350
4125
1231
3629
6327
6717
7725
6496
3555
2607
6629
3253
5822
4612
6470
6963
5130
2939
7452
2784
526
2264
479
4217
7895
4615
5818
6933
1263
7452
7374
5771
1427
656
3959
4264
5438
6498
1633
4381
1140
813
4286
6919
6999
3274
6800
2602
2473
3567
1088
6887
4450
7507
4608
3085
3151
5263
6705
1973
2186
1490
17
6936
840
4404
6610
4063
2196
6398
838
4291
7578
1934
1680
5303
3857
1892
4404
26
5691
5543
6219
578
7796
1330
5380
4909
5032
893
2472
7586
5387
5874
1860
5944
6520
1130
1010
448
1555
1181
3280
2021
56
5723
217
6049
941
531
7382
3455
6214
6034
656
5271
4738
6858
7112
3198
5853
46
4252
4912
1317
665
135
642
6838
3140
6864
3063
3382
2989
4959
4130
7823
7683
5516
1250
1785
1451
7507
103
40
4025
1691
2511
831
4374
1258
1317
5547
5343
3931
6588
5318
2445
6973
3161
4819
7546
3611
3004
1261
7219
2188
660
4818
320
3383
3126
6431
2035
378
6498
1612
2216
5032
2811
7546
3500
4322
1470
7264
6838
3461
7035
4684
1290
1227
5417
6413
5856
7153
2126
4132
5477
5514
7626
4819
3628
819
46
2147
3382
7120
557
6554
6303
4833
913
4067
6254
1114
7683
3900
5543
3164
4052
1754
2774
5054
1869
4235
211
2392
6593
7770
3613
4872
232
4745
7895
4680
6680
6719
5608
6588
3927
1777
2494
7453
6981
3627
449
647
3413
7815
3038
6850
6303
4916
4983
6134
5110
6727
1905
1650
4542
3629
432
888
313
4072
6226
6987
5187
1105
4553
6592
2340
4528
3773
5998
7461
2997
7525
5903
307
1998
726
7789
5874
2270
7965
2928
7169
171
4877
6053
1305
6522
2362
4017
1959
6321
5323
5420
5180
1627
2695
4542
1210
6923
3307
1092
5198
2745
1388
7083
122
5100
2929
1048
2951
7067
1302
5903
7961
5633
7371
1960
4743
5586
2143
2858
2876
7163
6707
6308
2111
505
6111
1163
710
2668
3612
3927
1170
4856
135
321
4710
6736
6881
5655
95
1752
5877
1869
4388
4291
6717
6965
2954
7948
7105
162
7084
5793
2077
5644
7169
104
5535
3151
3112
5920
2486
392
6313
3012
7232
7518
1532
7613
3727
6885
4224
2019
346
3968
1781
7408
3881
7633
7374
7817
6897
4344
2210
6274
2286
4235
1045
7099
2111
5459
1687
1372
7993
5332
3843
7794
5882
1532
506
1014
7246
1043
4215
1742
1454
343
945
875
5677
3919
224
2143
7745
900
3630
6863
2106
1387
2929
2909
2160
1271
4393
5691
6653
7362
4711
4858
1642
872
3862
7727
3514
7371
1005
2300
6538
7163
2672
3628
2897
4451
1130
3949
6469
1163
6111
6464
1713
4967
5407
5089
504
6049
5920
7899
3942
2300
3690
1850
827
3119
4744
3555
148
4226
3067
3900
1845
2600
6370
1155
3471
2673
7903
5644
4897
7077
7231
6228
3321
7810
1501
1185
6681
2187
7971
3118
5188
7905
5904
4609
827
5343
5581
319
1105
6261
3399
6031
7815
6490
1567
1161
7899
4820
1227
366
4956
6173
4672
7215
2870
4340
56
7380
2102
4573
111
3067
6540
5459
1293
7225
4612
1267
6850
973
2774
4215
6903
4352
386
834
6829
3987
3125
5088
7961
1084
2413
1782
1967
6303
1771
6107
1633
7147
7848
7326
2760
358
752
5438
3613
7962
1134
7352
5766
6593
5720
6705
482
6891
2033
7506
3752
6566
1225
7579
2892
4736
4263
6188
3126
42
217
853
7965
7972
5239
5516
4662
40
6847
6808
3164
2103
606
6490
2279
5834
5043
3328
1088
6023
7561
7210
2126
7236
3606
7325
7333
7232
5425
6556
6688
1167
1189
4714
5104
4791
4130
3088
7491
6225
7076
4185
7095
1617
5032
2072
2850
7218
7725
1084
4722
5736
3229
4524
5628
482
5473
4983
7516
946
3795
2424
4957
7965
7786
5100
7245
7854
5160
687
4036
1287
457
7752
5160
327
5110
5570
7014
4276
1687
2116
939
2279
4973
1973
1181
2014
6470
4152
526
6699
5104
4064
6166
907
1274
5151
5853
3567
5771
5112
386
710
6636
4286
5283
2786
3707
1752
3615
7135
268
2048
3678
2263
7678
149
2076
2876
4822
7831
7352
3243
52
454
4956
7458
7224
5380
4678
181
5131
5883
2021
7707
2448
5973
3752
5328
3781
4498
5948
2602
2211
4229
5152
1045
6053
7118
687
7727
4751
4424
1578
264
6440
4017
4311
5425
5662
49
159
7971
7225
2416
7929
953
3697
3245
2494
6932
3354
6420
1852
6166
7343
5532
1357
1052
7888
1121
5054
4973
1170
2776
1691
5594
900
4466
1137
1841
6265
3871
3949
5040
3458
6029
970
6670
1860
3022
7653
4270
1902
2392
2867
1231
4510
3088
5408
7042
1372
4040
6436
7507
6448
4466
6294
2246
7159
7225
6965
484
5454
434
402
3028
2549
7516
3681
3849
3067
5855
4840
2874
7122
3164
7620
7678
6003
6981
5596
2413
1501
4683
7041
3007
7971
823
1902
6768
3521
2445
2930
5159
895
1716
1067
1718
42
7378
111
1134
383
7034
3932
2940
557
1713
1181
4052
2472
5723
1317
5040
1584
7835
7299
726
1231
5164
7067
266
6084
3882
2433
2106
2856
4842
2072
7972
5948
1755
6538
928
3599
3233
1010
7556
5568
2743
3077
7379
4909
5443
6780
2386
1716
934
834
544
6234
4830
6936
6822
199
2386
904
6948
5232
156
6070
4012
7573
2036
1660
6630
3246
7120
3273
2600
715
5131
7895
4186
7077
5699
4128
3000
6348
1014
1156
5043
4540
5568
2303
5024
7555
256
2126
2805
7232
2582
3082
6630
4856
914
2783
2329
6891
468
7906
5110
7408
7040
4006
6306
5570
4739
5477
1718
6674
2346
3534
5743
1481
4407
578
1815
970
352
3932
3246
7879
3109
3593
3082
3611
3789
386
1766
4993
6173
4808
6681
3628
3209
6186
4609
4650
7378
6150
4542
2147
3998
5417
4298
2663
427
2730
3067
4185
5810
6463
1713
583
6933
2162
5135
2992
706
3680
582
80
1271
2730
4152
4959
6991
529
324
1731
7507
588
6630
5767
827
7965
4017
6670
3569
5133
2598
3522
6362
1812
2446
5225
3867
6858
4339
7238
4600
1084
2442
7073
3191
4637
6246
3567
3807
1600
1156
6309
7376
5818
3562
2035
5309
1431
5795
4678
3036
7553
349
941
5929
6029
401
4637
823
3686
6557
213
3613
6225
569
3807
3678
5360
6031
3247
220
3795
2323
6036
7355
2352
1804
381
7318
6674
606
7382
46
220
1777
6436
994
383
3281
3843
6327
5164
6680
4684
3824
696
1966
7380
3947
5232
358
6540
3886
7348
6212
1856
4135
4067
4043
4281
4545
2448
3262
2143
5465
1838
4744
5144
659
2483
4313
3323
4393
5048
6158
5853
2695
5662
3269
533
7555
2279
7682
427
4337
6015
3328
939
5973
6822
2885
819
282
7236
4116
2073
7862
4808
4651
6303
159
1933
1034
80
4704
4288
1019
6492
2352
5706
3514
1914
840
5384
4869
484
6084
3461
213
103
1963
416
1804
706
6545
4914
2189
7255
3412
2473
3028
2000
2071
2941
5340
3716
1755
1317
2111
3802
3596
2504
7081
3567
939
4389
1388
5132
4706
719
7737
2593
7081
706
6987
2915
4263
5634
2972
2776
4969
1817
1225
4877
4186
7099
2372
353
7476
7810
3857
3255
436
4311
2016
3707
6736
4635
2318
6061
6492
1612
4906
3007
4188
432
3085
2786
49
3759
970
932
4389
7407
3402
1113
7040
5727
135
5688
3494
7561
2607
4363
5662
2135
1290
7559
2876
4827
1613
75
5240
3471
5577
2437
2825
1627
884
5853
7404
2021
2784
5430
2940
5112
3367
4738
3370
6390
4469
5247
3593
1470
5335
1138
6051
6557
3092
1434
876
3247
4741
2521
3319
5080
5131
4318
3696
5110
5135
2033
4959
3278
4683
4325
1892
5100
1639
3716
2511
3947
6435
3551
2605
876
687
2352
1687
1117
1841
2386
6629
521
5199
5152
5459
823
6601
715
6327
1742
235
7408
1096
2648
40
3944
1082
349
5644
6750
69
6986
1082
3354
1138
3998
4090
3177
4490
3695
7561
5249
2437
5247
7081
3694
150
1509
5766
1257
5594
4996
946
1143
5494
681
6551
4709
3877
3161
5822
840
3867
7820
4404
6583
4288
5531
2808
6973
1128
7034
3715
849
1629
2042
4273
4303
5891
6957
1924
6431
4739
2140
7280
7380
108
5389
3964
4667
544
6848
3694
4662
1072
3680
3596
982
3599
3318
2786
5001
7535
4311
3798
1771
6173
6134
3690
4947
7014
4003
2061
3955
2602
2774
3195
6034
1966
479
6470
5547
1005
6861
4229
2811
4865
6549
6157
7358
149
2424
6679
5647
872
7122
5360
6646
3077
7282
4829
1817
7748
6108
2805
2518
6923
2636
83
4451
3035
7333
4212
7231
5133
7362
7899
6462
4480
2662
7236
3171
3063
6674
3500
999
1708
5975
986
6061
4595
3593
378
6338
4813
5100
7913
5878
7229
1354
5687
6630
1227
1433
5170
1181
1629
3364
2116
3127
7255
7895
3247
3526
6723
1905
4865
1347
1967
7322
3124
5691
3562
6723
5634
64
6468
1488
392
6550
7352
7696
5389
2501
5558
5602
1817
7899
3245
5340
4252
416
3820
4132
5739
7504
6550
4140
1197
4820
2992
4653
5135
5382
6420
803
3599
3319
3584
2844
5187
6985
1314
313
973
5559
479
1388
3514
4869
7402
2408
5666
6076
1567
7104
3229
1258
5727
5243
416
150
6883
307
5393
5117
6457
372
819
6353
6950
6981
1584
2610
4600
5740
7041
2135
5850
4224
3364
224
7095
7445
5949
486
4381
6329
7106
2349
6468
443
986
1924
5711
1531
1850
3716
2695
3210
3612
3613
6688
343
6308
1103
6118
4983
6957
7379
7895
2761
5358
3947
2033
5217
4800
6662
6029
1371
6977
4764
3534
3530
1005
1041
4064
3615
484
6733
6799
2120
6950
2035
2867
3630
4247
6848
427
7994
4712
4067
4040
6308
4212
734
6496
5944
2745
5088
6367
7029
6566
5975
3530
656
5852
1659
2198
3945
7182
2856
6592
3584
5217
6458
395
7618
6561
2963
2964
4678
7112
415
7306
6338
2989
7554
3696
355
1427
7703
4286
2263
3838
5720
1967
6848
6627
3551
2116
5187
204
83
4393
76
6028
3987
7326
6456
1495
80
2499
3322
6032
112
2874
4589
1963
6051
95
1094
7572
2520
4052
3247
7626
4764
1489
7184
2284
6950
2522
4434
7748
2148
7126
7153
6353
722
4745
1026
2286
4346
6510
3410
7358
4128
6592
1094
5040
4381
6186
192
2822
687
3879
6520
3278
3522
3424
7936
3109
7586
1458
149
1595
7104
6157
4385
3920
2668
4322
56
3067
1488
2102
3308
6864
7331
5174
1214
2171
1072
606
4315
7236
6028
2990
6919
261
5299
6041
4288
5795
1933
6185
512
6186
706
6987
1263
2573
2876
7453
1627
1268
4650
3343
2349
3773
1254
4056
3882
3678
1037
5834
7169
831
7343
1271
5877
3960
353
1523
548
3367
487
644
6847
4889
6717
7591
1724
1022
6173
7213
4142
3109
2103
1558
6313
6719
5004
3500
3739
7554
6636
5425
2363
2811
5000
1357
1860
7737
1447
3530
7169
1067
353
571
3494
4904
904
2858
6413
4534
1354
6863
524
1912
3628
625
7406
1850
307
706
1430
581
907
5038
4215
6108
7906
3774
6773
5187
6829
4017
3514
5866
4072
2582
4516
1583
2113
5131
3177
1236
5494
1458
26
835
4789
7408
7402
4645
6228
7076
7318
4899
7821
3611
1798
5303
803
1096
4036
2673
4533
2136
3857
710
4399
2546
3932
1514
2954
2997
2499
1227
6354
4127
4692
5174
3745
4753
1323
135
3800
5132
6051
2427
2106
4188
1167
7628
1699
3886
4983
2928
4791
2645
7857
6510
7446
659
4389
2859
5198
5306
6887
7180
6538
2162
6707
4466
4090
5172
6829
4391
1459
4221
5516
1257
4434
2246
6991
3881
5727
1293
5487
1430
5180
7491
2774
3457
110
1070
4776
529
1698
1136
3613
734
2936
2709
3251
4653
819
1489
4968
7067
3555
4872
582
2417
7895
5855
7225
2870
3880
379
914
7299
3043
4798
7651
3043
2774
4142
2598
486
4481
4132
5402
982
4127
5537
56
7722
4126
7554
7794
5057
1650
426
2211
904
6985
4140
5586
1800
4298
5096
448
4973
4247
45
788
1211
5922
3781
4680
6367
6358
4865
3410
4472
2984
588
1493
6963
2879
4303
7899
7857
2573
2481
1082
6051
1214
5954
6107
5537
4313
7531
1933
6042
5576
4983
4072
3891
6930
6418
6487
6588
3255
5426
2157
5818
1914
5537
5298
5167
1543
5936
7446
1221
1887
2778
6354
343
681
4947
2014
1612
6808
7857
3715
7936
2702
1370
3063
6134
2745
946
2825
5407
5581
2264
2077
3453
2598
3837
4188
1038
4036
1309
4534
2396
1813
3826
6327
7553
324
788
2705
973
5089
7531
2915
2524
5596
2002
3749
5333
1578
3857
510
745
2445
5054
945
1518
6601
3886
1988
7171
578
6936
2103
7761
2147
5739
499
1268
346
2329
7618
2352
3745
2166
7461
4247
778
2636
594
5878
6891
1313
726
5263
199
4472
7654
1138
3424
3112
416
6551
3830
3869
3038
6162
6202
681
2373
4868
1279
1718
1637
3132
1302
313
7331
946
5473
4532
3251
5904
6245
5869
1933
52
5852
443
7341
7206
3603
4711
5352
3277
3824
6609
5580
5644
7153
2349
2587
7780
3639
1293
4303
7506
4466
1860
6053
3869
2844
6609
4595
5878
6413
7965
4706
1754
4829
3942
2335
6042
4805
6838
7696
2705
279
4813
3680
3739
726
2413
6487
3857
6184
3369
4374
6583
6981
835
66
372
3251
3383
3127
5352
5590
5116
4652
1815
4469
2524
3615
1299
7769
3843
1189
2936
3593
1243
5080
5417
4339
2325
2111
4528
1038
4633
6680
2481
840
6246
5014
2848
4534
2446
5219
5662
3534
3540
7476
1889
875
3902
6655
4363
4221
7610
3628
6864
3494
7105
3088
1293
6326
7099
4744
1045
7857
3177
3781
6149
6561
7669
1609
2346
3639
7632
4116
6201
6754
3000
4491
6111
6686
1509
6887
6936
786
73
734
7559
2549
6566
4489
5172
2573
6431
339
4125
3103
156
1508
2954
832
6173
6413
941
4532
6461
1861
3243
6686
7727
7105
1120
2938
6363
6561
172
1902
6800
7980
2440
346
3749
6885
4469
2546
6727
7786
5299
1102
3962
6209
177
5753
3233
4791
3461
6614
952
5598
2210
6670
5655
4072
3657
6640
4687
2878
7322
4764
1140
6166
6897
7682
5110
6081
2524
5954
5949
3104
3968
2141
1700
6354
888
4902
3177
7938
6540
4232
2663
5802
4595
4155
7446
5001
5376
4604
5298
7681
2539
5453
4683
1074
7900
3317
7105
6965
2494
5954
504
256
5111
3614
7595
944
2143
4009
521
4840
2587
3562
4957
3849
6774
3555
3779
1973
1456
3129
4538
1963
2915
7399
4688
7815
2761
4858
6413
5199
531
2617
5883
5032
7938
4229
6751
1372
3886
1274
2724
3126
6265
7060
4215
945
6051
1815
1752
647
4006
2539
2389
7445
1092
2549
1265
7318
5038
5247
7879
5089
2372
6785
1195
1967
2141
339
7980
7099
1966
7195
1731
4151
2673
867
4498
1967
5713
6003
7382
606
6589
6710
2352
5952
6034
1257
6810
2323
6431
5563
2433
5144
2546
5796
1531
1813
5495
1254
1812
7081
6319
3773
5979
1404
931
76
1302
7147
2825
6456
1698
6936
2325
3233
80
1048
2375
3514
4174
884
7703
4374
7255
171
2365
6061
2782
3191
4274
571
2198
5634
7622
4142
7681
661
5309
914
2626
6549
5089
7770
6584
1638
6710
4043
2365
7789
6550
3824
748
7362
556
2264
1300
6750
1243
3968
3614
2738
2135
2053
557
1698
6173
256
5473
2188
3630
1265
548
7245
2073
6264
2997
2222
3614
6090
555
7913
2472
6593
6015
7735
1130
1102
3866
5580
1771
6170
1905
4745
4959
17
5580
3827
4296
1518
7535
5459
5138
5858
4112
3656
6274
5402
4751
6773
5503
3947
135
5563
6932
6457
778
4231
76
2349
3880
5175
3430
7905
1841
6751
1092
1101
5283
3920
4714
7458
104
1887
2264
1372
6149
5425
6655
7476
7267
683
5793
4752
313
5096
6881
3944
3606
2198
1343
6885
2606
1022
1967
2963
5104
2958
3615
1966
7878
1038
6780
3153
3612
4291
5780
5858
7620
401
6919
4969
6161
2637
3674
7404
4231
7057
5249
7507
1583
888
3127
6903
2303
4690
1838
5771
217
103
7471
2778
2560
6625
2504
3119
5094
944
594
4967
4865
5180
5299
6161
6201
5014
4224
1045
2675
4662
7969
2582
2907
6590
7724
1072
5000
1292
3246
2522
5446
1263
5112
3530
4604
1922
2804
6336
7761
1612
5216
4298
5922
3482
4043
7792
4750
5753
64
7507
1295
4188
7903
2992
1959
2460
1005
2217
6812
505
2051
1838
7525
3195
2766
6861
149
802
4598
5014
1371
1102
366
2804
3605
7884
3364
7182
1639
2077
3977
7426
242
2522
752
6338
6673
6522
4560
4822
6712
427
336
2462
2782
7219
4818
5271
6774
51
6028
5239
2879
664
6778
7783
5007
7456
5318
3129
5098
3266
6977
5271
506
1815
4275
1231
853
2136
6134
2520
5903
2591
1070
1094
6245
6023
7396
443
3759
6761
6459
4544
7133
5691
1622
2186
3639
2582
2885
1511
3962
6887
7158
6891
2850
1305
6478
4678
7049
5755
7531
7573
7331
5602
2335
6574
1006
4311
6184
7147
7504
392
1765
5572
823
853
3412
3045
6768
2776
7148
7408
7573
2605
358
7135
448
2289
7561
4789
888
7103
3255
3992
5096
7897
4949
6435
5878
970
1944
5570
1723
2624
5043
3649
1274
4914
1041
6775
4516
4270
1988
5745
3955
2526
4872
5793
3656
6308
4578
56
1813
5929
2196
1092
1781
1467
5035
6574
1085
1121
1092
3998
7090
6336
1211
52
6443
7961
479
3699
7716
5035
7994
2103
7848
506
5795
6098
7118
4511
5414
1067
110
7524
5425
5929
1547
6881
4232
2140
999
7786
5594
5174
1782
5727
3807
4360
4397
1282
1310
3593
3603
1716
1742
1130
5389
2844
5706
4481
1014
4407
7531
3332
2102
4215
6975
2858
555
2166
743
150
2805
4116
1173
7163
3020
5855
2784
4662
1454
3125
5426
2930
1777
4907
1211
5414
3949
1713
4043
715
3998
3278
6975
7786
6412
148
6081
4609
7099
4690
4770
1177
2386
7895
5160
6650
5568
3424
2141
944
2874
743
3838
7394
1267
7714
5596
2679
7407
2345
3749
7749
1156
5766
3920
5576
6469
2776
3229
7821
5421
1856
4973
1211
3181
1672
3678
7972
834
7969
1649
6469
7147
2196
5585
544
3962
4743
3603
1243
2137
3528
2915
4816
2196
4909
1567
510
1822
5096
3104
2606
6418
7707
307
2000
5874
1197
6861
834
5974
7884
6042
1845
3416
3707
4532
1424
21
7144
6727
3680
6957
2989
2014
5382
2186
6735
7264
7280
4186
468
3067
2631
6957
5465
4553
5815
1375
1998
7678
2504
2134
4363
366
875
17
7231
5170
5789
1661
7821
941
5099
5771
49
3209
721
5666
5975
594
5811
261
7903
6932
5789
5802
350
884
1258
3393
3410
4868
2931
1037
6719
2286
339
4711
5048
2157
6736
1822
6626
7348
5206
3354
5783
4276
1724
2830
722
1708
1231
44
7884
4166
3166
1924
5225
5973
395
895
5949
6897
6327
3758
5792
5382
2362
261
6919
4687
2692
5882
1161
6134
5104
600
268
4424
5773
49
6173
2229
5454
5533
2021
3800
5332
1998
6614
6522
2685
5841
2427
4667
5360
1755
321
5325
2166
49
2036
7972
149
4962
1467
5188
307
7318
17
2738
4288
1299
1638
2672
5970
2224
5688
1745
1857
4532
6832
7613
2602
1755
2954
4417
4914
4397
4450
1177
734
264
983
5225
3036
2915
3393
4381
1963
2663
2648
5167
2346
5170
1765
1924
5908
4481
2432
5970
5446
3277
813
2992
2722
3694
4770
2072
5743
1661
7379
4125
56
1687
5587
7525
1588
1638
6557
6313
5874
4532
4397
581
7913
2325
7255
6864
1323
7341
1432
3023
266
6246
3628
512
647
2958
6105
5895
6150
5906
6117
4843
6186
4217
3699
7103
1638
6935
3968
1853
7552
6746
5577
1024
7725
2104
4709
3968
7312
3054
49
3399
4522
6459
4993
3393
1924
4558
7322
5363
7815
7745
3255
1140
4600
6705
1934
5112
3894
1731
1371
779
7348
4645
3936
571
778
2317
2136
7605
6751
235
5535
7878
5335
7848
2188
6370
7993
5585
4232
3874
4469
1698
4822
5144
6121
724
506
4696
5815
4281
5328
5318
687
7633
487
6847
2346
5529
111
4889
5174
4800
6601
3500
3798
813
3370
4313
6459
5829
6510
1320
3799
95
4480
985
6436
2445
7780
4973
3229
1642
7850
6780
3448
3657
5852
7749
2878
4128
6583
3226
7786
4015
5637
5151
3262
7689
7148
353
3862
141
2627
3328
2036
7109
4311
217
320
3773
7076
1902
2901
1501
2231
2685
6550
2743
2392
5099
4185
4015
4185
623
3409
3704
336
952
7605
6476
4573
4322
5128
3613
6225
6557
5425
4397
1105
1781
2672
5131
7977
1052
7312
355
4286
4275
6034
5852
7195
7042
5014
4962
3047
2462
625
7491
108
4516
192
2390
5157
4750
2885
7820
5590
6362
4012
5384
3599
706
2526
3630
2777
3584
7545
2972
7661
2605
2867
1225
3789
6861
2470
6309
5850
4025
2073
7857
876
823
5922
5425
7396
5998
5802
3827
6364
7407
4589
4411
4510
7578
1007
3193
2760
379
6246
4949
349
531
5303
6933
2887
6590
6476
52
3688
7102
4949
7786
4690
7073
7716
2264
7073
2543
7835
1517
5581
5299
3697
5397
1447
6469
7847
3992
1755
7971
6891
282
2915
7716
1698
2653
1185
1617
5116
3931
2941
5771
1022
3496
7848
3424
6519
3605
2825
1578
4898
3745
4764
5443
7358
1924
832
7331
5711
7195
1128
2171
2848
6514
7789
7408
188
7820
2702
7076
5373
6364
3521
1514
1489
2470
2357
1052
4168
6107
350
6987
5133
6431
4752
1649
7118
4776
2486
5337
5402
1353
1227
1518
4083
3471
2673
7977
4311
6283
5159
7322
3562
7154
6626
64
5922
256
3410
3927
3800
5240
954
5547
7378
1680
1491
2695
4339
6029
2000
1659
7966
108
7669
2835
3262
5007
2390
3782
5891
482
2728
2606
4764
2224
2901
5608
3987
888
872
2071
1233
6470
350
5970
1237
1167
156
849
4166
5352
954
5443
7561
3382
7267
6775
6461
914
5699
4533
6653
3063
6469
69
5407
2019
4391
3944
524
6773
3193
7735
6907
6935
381
6614
2072
6210
3674
5131
2653
4374
5891
3245
7041
3496
5495
5318
6209
2972
1195
7206
3505
1094
3699
1038
6192
7724
5373
3140
4764
5008
5952
5430
2524
5726
5170
3968
2673
3894
4687
5641
2335
1372
6717
867
5729
5726
853
7147
2628
2940
2076
7445
6043
7331
7612
4967
726
487
56
2217
6202
2229
4542
1838
6610
2804
6810
4789
6158
6733
5453
3877
4188
3975
3047
4760
2761
492
3636
5866
2188
1314
6051
6478
6697
7380
1231
135
7236
5948
722
4982
1433
5952
7792
5352
5240
5266
2016
7617
4286
40
5140
964
3629
7082
2960
831
5382
5795
6459
4635
2104
1210
2141
982
282
4274
4898
2539
4633
7878
3500
3955
4339
6321
3012
6348
1117
6629
5559
4264
3023
2437
3246
715
5337
7355
2585
5283
6329
4714
7682
7714
2481
2300
2504
2486
3119
6462
6583
204
3920
1771
985
3562
3559
893
6985
4709
352
578
6170
3412
246
1026
2761
3657
3383
103
2460
2940
2887
6785
4524
4615
3692
4813
1309
5503
4152
501
5157
6812
7661
6554
5477
6134
4630
2224
3364
5726
5723
7210
5729
2939
6228
5140
1370
2189
1488
2284
6566
7920
4741
6897
7993
1060
2210
7057
7406
2954
141
7817
6201
2113
7148
3371
5454
5687
5303
7770
3596
1053
2673
4973
7545
2284
6986
3522
7794
4311
1427
7796
7929
2663
578
6808
4680
3798
6822
1387
211
3894
3779
1659
6462
2504
6907
448
7525
6646
7794
1817
2442
1195
1010
1567
3280
4996
7345
6588
7179
1950
7100
7840
5393
2605
5183
7355
779
2076
3424
6498
4889
6957
2036
6162
7769
1595
6736
7082
5998
1718
7105
3992
3268
6574
3593
4822
6768
2000
6212
2210
1367
3686
307
895
3166
5309
715
3701
5853
4064
6157
17
6118
4140
6464
4174
1431
5240
3054
4810
5096
4274
3562
17
432
3198
7039
5100
3307
4272
4687
2160
7133
7040
4910
6750
3153
7291
3208
6374
7344
4388
1052
7471
1742
7617
721
4827
5443
849
7515
7341
2000
588
171
2688
1223
2786
2997
7626
2972
2042
434
4967
5099
2216
5164
3630
7971
7352
6864
52
2210
415
458
5543
4399
4962
1785
2722
2980
964
7900
2782
6842
5944
6107
5152
647
104
1708
5380
5128
7965
307
75
3191
7364
6254
7406
122
4077
2835
3430
4738
4298
4127
2229
6162
2760
1313
4186
3125
4075
4798
26
7595
2046
4650
1798
1140
